     9.23904
     9.28614
     9.34643
     9.36894
     9.40884
     9.46658
     9.49588
     9.54960
     9.64936
     9.69495
     9.74617
     9.78398
     9.86197
     9.89788
     9.91773
     9.96523
    10.05517
    10.11603
    10.17240
    10.18240
    10.18528
    10.28765
    10.33499
    10.38942
    10.44465
    10.46746
    10.55065
    10.56179
    10.57992
    10.61921
    10.64688
    10.66134
    10.72446
    10.77355
    10.80536
    10.85828
    10.88722
    10.94759
    10.97824
    11.00900
    11.05984
    11.08247
    11.11321
    11.17729
    11.25143
    11.28991
    11.30178
    11.34517
    11.37419
    11.42952
    11.49241
    11.52467
    11.54795
    11.61168
    11.65249
    11.67758
    11.72255
    11.73746
    11.74484
    11.83585
    11.88907
    11.92267
    11.96455
    11.99409
    12.00663
    12.07363
    12.11974
    12.15520
    12.17196
    12.20141
    12.24248
    12.30864
    12.36057
    12.40318
    12.43136
    12.46922
    12.48932
    12.51279
    12.54833
    12.56798
    12.61861
    12.63608
    12.68460
    12.72363
    12.77214
    12.80118
    12.83027
    12.87616
    12.89949
    12.91755
    12.93100
    12.97549
    13.01346
    13.05775
    13.09824
    13.14852
    13.19204
    13.22159
    13.25079
    13.28351
    13.31743
    13.32645
    13.35902
    13.39584
    13.40758
    13.43851
    13.46194
    13.47419
    13.50416
    13.53561
    13.56908
    13.58751
    13.63092
    13.63325
    13.66059
    13.68919
    13.74309
    13.76109
    13.78080
    13.81372
    13.83277
    13.88499
    13.88767
    13.89395
    13.92042
    13.95426
    13.98927
    13.99305
    14.01858
    14.03571
    14.04273
    14.06571
    14.11876
    14.15648
    14.16503
    14.19102
    14.20918
    14.22856
    14.25794
    14.28554
    14.30797
    14.33591
    14.36697
    14.37913
    14.41507
    14.42526
    14.44486
    14.46391
    14.47726
    14.49735
    14.56665
    14.57244
    14.59296
    14.61111
    14.62760
    14.64514
    14.67940
    14.69466
    14.71128
    14.72376
    14.75897
    14.77946
    14.80213
    14.80963
    14.82819
    14.85665
    14.87285
    14.93215
    14.93966
    14.98656
    14.99480
    15.01488
    15.05276
    15.09776
    15.10967
    15.14091
    15.16981
    15.18311
    15.20192
    15.21015
    15.22930
    15.23817
    15.25483
    15.29709
    15.31947
    15.35181
    15.37345
    15.41245
    15.42220
    15.44216
    15.44454
    15.48297
    15.48924
    15.52679
    15.55664
    15.56773
    15.58686
    15.61072
    15.62497
    15.66565
    15.68056
    15.70037
    15.72320
    15.74921
    15.76296
    15.79818
    15.81513
    15.83276
    15.87080
    15.88939
    15.91345
    15.92591
    15.94527
    15.98604
    16.01661
    16.02372
    16.05503
    16.06576
    16.08713
    16.09423
    16.12715
    16.16910
    16.20790
    16.22572
    16.24305
    16.25303
    16.28279
    16.30494
    16.33930
    16.35017
    16.39603
    16.42720
    16.43401
    16.46189
    16.47523
    16.49530
    16.50923
    16.52818
    16.54785
    16.56104
    16.59688
    16.63115
    16.66571
    16.68005
    16.70975
    16.72280
    16.75171
    16.80029
    16.80415
    16.83184
    16.87086
    16.89614
    16.91132
    16.94277
    16.96688
    16.98176
    17.03412
    17.04734
    17.06699
    17.08113
    17.13483
    17.19631
    17.22029
    17.24231
    17.25591
    17.26314
    17.29358
    17.30289
    17.32221
    17.35488
    17.38181
    17.41738
    17.48542
    17.52201
    17.52753
    17.53223
    17.55375
    17.58973
    17.61283
    17.64236
    17.65366
    17.68078
    17.73510
    17.75588
    17.79183
    17.80948
    17.81851
    17.85039
    17.87666
    17.89122
    17.90047
    17.96198
    17.98389
    18.01164
    18.04684
    18.06019
    18.08059
    18.09943
    18.11559
    18.17395
    18.22259
    18.24252
    18.27895
    18.30595
    18.33898
    18.35416
    18.36696
    18.39829
    18.41515
    18.44872
    18.49964
    18.52941
    18.54906
    18.58416
    18.62389
    18.64716
    18.65591
    18.68411
    18.72800
    18.74100
    18.74815
    18.78081
    18.83870
    18.85781
    18.88892
    18.91587
    18.93377
    18.94905
    18.96531
    18.97654
    19.02934
    19.04491
    19.11226
    19.13625
    19.15838
    19.19822
    19.21886
    19.24312
    19.26944
    19.31959
    19.37999
    19.40182
    19.41946
    19.45265
    19.46509
    19.52256
    19.53966
    19.56315
    19.59534
    19.62890
    19.65045
    19.68456
    19.72638
    19.75654
    19.78314
    19.85273
    19.85398
    19.90249
    19.95563
    19.96046
    19.98661
    19.99884
    20.03880
    20.09323
    20.10436
    20.15338
    20.19727
    20.20312
    20.24542
    20.28999
    20.31034
    20.37480
    20.42025
    20.44120
    20.48621
    20.53258
    20.60470
    20.61924
    20.65681
    20.68782
    20.70644
    20.75168
    20.78261
    20.79509
    20.86458
    20.90889
    20.93362
    20.97765
    21.03295
    21.07417
    21.10198
    21.14543
    21.15358
    21.22076
    21.23482
    21.25031
    21.28531
    21.33908
    21.35650
    21.42696
    21.46537
    21.50420
    21.54021
    21.55638
    21.59769
    21.61993
    21.71248
    21.72076
    21.76377
    21.81878
    21.85164
    21.86128
    21.92396
    21.95612
    22.00186
    22.02264
    22.06935
    22.08214
    22.15885
    22.20561
    22.21708
    22.22422
    22.28629
    22.36107
    22.36667
    22.48666
    22.53918
    22.60983
    22.66117
    22.67271
    22.73355
    22.78232
    22.81697
    22.85313
    22.89334
    22.93733
    22.94726
    23.00512
    23.06944
    23.11555
    23.19499
    23.22728
    23.23939
    23.30973
    23.42129
    23.44197
    23.51230
    23.54218
    23.59172
    23.63261
    23.76540
    23.79449
    23.82679
    23.85125
    23.90048
    23.96846
    24.09020
    24.12678
    24.15627
    24.28331
    24.31151
    24.37354
    24.39618
    24.45298
    24.50752
    24.58060
    24.67341
    24.72224
    24.75401
    24.77582
    24.85633
    24.91623
    25.00725
    25.03571
    25.09827
    25.14834
    25.21394
    25.28878
    25.40420
    25.41891
    25.52023
    25.56662
    25.68624
    25.71781
    25.77346
    25.83385
    25.96615
    26.02567
    26.07305
    26.12899
    26.16958
    26.24883
    26.34899
    26.41544
    26.43855
    26.55674
    26.60222
    26.63568
    26.76367
    26.84516
    26.94861
    26.96383
    27.03978
    27.16032
    27.18073
    27.29866
    27.37291
    27.39856
    27.44017
    27.52748
    27.60296
    27.73015
    27.79951
    27.86025
    27.89060
    27.98417
    28.06841
    28.07842
    28.30796
    28.43951
    28.48671
    28.55543
    28.66076
    28.70109
    28.76513
    28.87207
    28.89722
    29.02987
    29.12651
    29.21058
    29.25239
    29.33095
    29.50897
    29.54713
    29.65900
    29.77217
    29.90776
    29.99368
    30.01939
    30.16908
    30.44387
    30.46647
    30.64336
    30.71522
    30.86445
    30.98791
    31.07653
    31.09682
    31.38229
    31.45662
    31.51939
    31.70746
    31.87370
    31.98298
    32.17243
    32.42048
    32.56420
    32.80051
    33.06050
    33.28618
    33.43660
    33.67471
    33.77790
    34.16053
    34.48765
    34.87478
    35.29611
    35.86913
    36.66164
    36.90698
    37.83241
    38.71210
    39.11268
    39.56287
    40.88903
    43.53285
