     8.71322
     8.83785
     9.05959
     9.13186
     9.14294
     9.15514
     9.29856
     9.34116
     9.38389
     9.47033
     9.59317
     9.69432
     9.78036
     9.85977
     9.91363
     9.96995
    10.01950
    10.05604
    10.11704
    10.21614
    10.34875
    10.36487
    10.40075
    10.54272
    10.59232
    10.65532
    10.67460
    10.71198
    10.92103
    10.94781
    10.99890
    11.03415
    11.06866
    11.10515
    11.16621
    11.26743
    11.32309
    11.35623
    11.38379
    11.43954
    11.44349
    11.49128
    11.53232
    11.62582
    11.70247
    11.75702
    11.82324
    11.85850
    11.88123
    11.99965
    12.07970
    12.10319
    12.15086
    12.15979
    12.26959
    12.27947
    12.36768
    12.43123
    12.48397
    12.52196
    12.60556
    12.62919
    12.65958
    12.71295
    12.79331
    12.80989
    12.84622
    12.85288
    12.98201
    12.99951
    13.05206
    13.13441
    13.19550
    13.26014
    13.27369
    13.31282
    13.35846
    13.44953
    13.49665
    13.51628
    13.52936
    13.54050
    13.65554
    13.67946
    13.68852
    13.76494
    13.82292
    13.84525
    13.90347
    13.93321
    13.94724
    13.95263
    14.02625
    14.07738
    14.09205
    14.12227
    14.15693
    14.16836
    14.20846
    14.27317
    14.27903
    14.32269
    14.34696
    14.36869
    14.39574
    14.40254
    14.43157
    14.48381
    14.50981
    14.52532
    14.59377
    14.62923
    14.65169
    14.69828
    14.71597
    14.75383
    14.76197
    14.79274
    14.83551
    14.85152
    14.90433
    14.91741
    14.92474
    14.99266
    15.00055
    15.05357
    15.12328
    15.12779
    15.18146
    15.19569
    15.26416
    15.28074
    15.33206
    15.34369
    15.35556
    15.36048
    15.41025
    15.47270
    15.48641
    15.50181
    15.51206
    15.55354
    15.57212
    15.58828
    15.62476
    15.65112
    15.67941
    15.69338
    15.69581
    15.73742
    15.78127
    15.80169
    15.80488
    15.81997
    15.82949
    15.87804
    15.88718
    15.93895
    15.94723
    15.95832
    16.00682
    16.02032
    16.07996
    16.08634
    16.10904
    16.16240
    16.16867
    16.20532
    16.21399
    16.22504
    16.25609
    16.30024
    16.31769
    16.33539
    16.42903
    16.43273
    16.45610
    16.49288
    16.50186
    16.53490
    16.57138
    16.57642
    16.59170
    16.59970
    16.62435
    16.64936
    16.67105
    16.71436
    16.72365
    16.74340
    16.76542
    16.76812
    16.78984
    16.86305
    16.90401
    16.91093
    16.92594
    16.99036
    16.99122
    16.99862
    17.02594
    17.05912
    17.09093
    17.13909
    17.14455
    17.19627
    17.20076
    17.21151
    17.23444
    17.25460
    17.27048
    17.29898
    17.32753
    17.34359
    17.37054
    17.42868
    17.43757
    17.46112
    17.46992
    17.48127
    17.53364
    17.53748
    17.56072
    17.56278
    17.59373
    17.61541
    17.63517
    17.64628
    17.70820
    17.71961
    17.74282
    17.77697
    17.80744
    17.86821
    17.87812
    17.89125
    17.89623
    17.91325
    17.91462
    17.98799
    17.99137
    18.01924
    18.05138
    18.12674
    18.13731
    18.17162
    18.17557
    18.23216
    18.24488
    18.26076
    18.33533
    18.37162
    18.39483
    18.49768
    18.51158
    18.54510
    18.55604
    18.56524
    18.59309
    18.59908
    18.63907
    18.65492
    18.70475
    18.72066
    18.72355
    18.80533
    18.84351
    18.86700
    18.90914
    18.95975
    18.96255
    19.01077
    19.02043
    19.05143
    19.09463
    19.11134
    19.16633
    19.16691
    19.20504
    19.20651
    19.23247
    19.28011
    19.36017
    19.37735
    19.40859
    19.45295
    19.45749
    19.51782
    19.52925
    19.59002
    19.61790
    19.65503
    19.68861
    19.70416
    19.70765
    19.79555
    19.80445
    19.84146
    19.85924
    19.89868
    19.99038
    20.01730
    20.05388
    20.10139
    20.13285
    20.14102
    20.16316
    20.18599
    20.23477
    20.28782
    20.32700
    20.40234
    20.40853
    20.41714
    20.46516
    20.51961
    20.53512
    20.56562
    20.62095
    20.66676
    20.71178
    20.73700
    20.76164
    20.81362
    20.85608
    20.87232
    20.90435
    20.97991
    21.04457
    21.05535
    21.08606
    21.10090
    21.19723
    21.24211
    21.27175
    21.32908
    21.35712
    21.42896
    21.44892
    21.52493
    21.52675
    21.64690
    21.69073
    21.73957
    21.74940
    21.80287
    21.86976
    21.90980
    21.97112
    21.99584
    22.01700
    22.09633
    22.13175
    22.18627
    22.19848
    22.25004
    22.30709
    22.37391
    22.43397
    22.48150
    22.49423
    22.51951
    22.55633
    22.67434
    22.71926
    22.73231
    22.79654
    22.80497
    22.81414
    22.89280
    22.89367
    23.06003
    23.12092
    23.15130
    23.17784
    23.30124
    23.30783
    23.39566
    23.45536
    23.47589
    23.59371
    23.63895
    23.71826
    23.72886
    23.77001
    23.78739
    23.89354
    23.97961
    24.08074
    24.13874
    24.21586
    24.29906
    24.32121
    24.46398
    24.47361
    24.55813
    24.56645
    24.61666
    24.74371
    24.75124
    24.78257
    24.94515
    25.04998
    25.16801
    25.18900
    25.27670
    25.33950
    25.35193
    25.36696
    25.49723
    25.58764
    25.60437
    25.62598
    25.70564
    25.77925
    25.81891
    25.96879
    26.19293
    26.23810
    26.37415
    26.38140
    26.45831
    26.69062
    26.77071
    26.84973
    26.88705
    27.01744
    27.23257
    27.23680
    27.27103
    27.35962
    27.48918
    27.54666
    27.76003
    27.76686
    27.89271
    27.93453
    27.95098
    28.16883
    28.16957
    28.19673
    28.23635
    28.38264
    28.55408
    28.59344
    28.76273
    28.95345
    29.02824
    29.04347
    29.09335
    29.12646
    29.19090
    29.35024
    29.41366
    29.49524
    29.57840
    29.71909
    29.74955
    30.05896
    30.12154
    30.15260
    30.21599
    30.28825
    30.34485
    30.41686
    30.69738
    30.82276
    30.86992
    31.03507
    31.04340
    31.15666
    31.22952
    31.29567
    31.43309
    31.53403
    31.58981
    31.71922
    31.92340
    32.22154
    32.48058
    32.70118
    33.09747
    33.20441
    33.23972
    33.58177
    33.92086
    34.05493
    34.34340
    34.45760
    34.52929
    34.79622
    35.19868
    35.44896
    36.59150
    36.88387
    37.49044
    37.57304
    38.59151
    38.72714
    39.21499
    39.52848
    40.65160
    41.21368
    45.25425
