  11.921
 -20.386
  -6.186
 -28.495
   0.190
 -29.726
  29.085
   8.041
  50.877
  -7.304
 -64.414
 -69.884
  -4.944
 -74.451
   8.382
 -80.456
  52.476
  -0.189
  -9.002
  15.205
  -5.445
   7.937
  -0.061
   6.820
  15.285
  15.625
 -21.554
  -8.236
   6.996
   4.962
   6.222
   7.157
  -9.218
   3.988
   1.094
  -2.820
   4.688
  -4.193
   0.990
   6.510
   6.536
  -7.380
  10.844
   5.408
  -0.536
  18.212
  16.660
  12.910
  -7.379
  -2.914
   1.148
  -8.195
   0.029
   5.178
  10.728
  -5.461
  15.178
  -3.596
   1.169
 -12.115
  -5.936
   5.869
   0.367
   6.869
   7.860
  14.321
  -7.388
 -12.697
   9.304
 -16.254
  11.641
   7.676
   2.889
  -2.213
  17.885
   3.279
 -11.733
  -4.804
   0.646
   6.336
   8.506
  13.086
   1.125
  -5.160
   7.673
  17.962
  -2.090
  15.146
  11.015
  -8.048
   4.678
  29.691
  14.476
   2.449
  10.738
  10.035
   6.745
   8.782
   9.645
  19.698
 -13.429
   0.338
  -5.928
   5.936
   3.032
 -26.334
  -2.343
 -30.622
  -5.286
  21.174
 -18.457
   9.722
 -34.162
 -15.120
 -13.377
   2.762
  18.362
 -31.133
 -10.194
   3.096
 -28.975
   4.794
 -23.137
  13.227
  -6.270
  26.743
 -15.587
   4.236
  -4.332
  13.945
  13.526
   7.968
  -1.713
  -8.006
  -1.043
   6.051
   1.093
 -19.220
  -4.515
  22.354
 -11.420
 -12.672
   5.849
 -12.304
  14.703
 -25.260
  13.428
   3.555
   1.204
   4.244
   0.720
  -4.083
 -25.680
   3.302
   3.841
 -13.219
   6.365
  -2.732
  12.352
  10.193
  -1.451
 -10.082
  -5.716
 -21.579
 -33.432
   2.333
 -31.871
  -5.997
 -20.752
   9.837
 -35.304
   4.528
  -4.779
 -12.016
  46.333
   8.639
 -21.167
  -9.670
  41.773
  -7.383
  -7.701
  25.961
  36.948
 -52.224
 -17.526
 -27.603
  -8.109
  46.112
 -22.026
  35.797
 -24.194
  -4.325
   7.764
  40.634
 -30.097
  23.139
 -44.485
  -2.898
   2.113
   3.355
 -17.278
  -7.637
  18.745
  22.423
  21.666
  51.801
  -0.464
 -14.018
 -16.289
  -5.523
  -4.895
  34.057
 -25.143
  56.767
 -32.833
  12.033
  38.513
 -10.534
 -12.128
  58.148
  26.693
 -11.662
 -30.673
 -14.026
 -15.908
  33.690
  32.139
 -18.153
  -2.806
 -14.630
  35.274
  33.352
 -30.240
 -19.854
  20.560
  40.182
  12.986
 -44.650
 -66.779
  49.612
  44.508
 -13.279
   6.096
  31.413
  13.171
  25.689
  39.231
   3.831
 -52.600
 -19.301
 -67.843
  16.951
  27.629
   8.094
  10.361
  17.614
  16.145
  56.157
 -15.506
  26.252
  12.118
 -28.198
 -29.866
  -6.422
   1.739
 -26.731
  35.250
   9.561
  -5.745
 -43.645
 -39.123
 -34.839
  24.815
  10.255
  44.154
 -18.171
  39.714
 -21.051
  29.255
  20.191
  33.851
 -16.703
 -17.168
 -25.123
 -32.842
 -11.145
  13.581
   1.865
  28.178
 -10.564
  23.714
  15.978
 -44.797
  46.950
 -31.887
  13.946
 -15.382
  -3.601
   1.033
  31.839
   3.628
 -34.365
  -1.981
 -16.289
 -20.592
  -3.957
 -13.934
   9.627
 -15.232
   8.672
  -8.048
  36.032
 -38.644
 -16.058
   0.651
  -7.573
 -30.604
 -11.034
  13.866
  12.035
 -38.446
  -1.609
 -18.622
 -18.734
  12.912
 -13.227
   1.474
   3.279
 -20.789
   4.032
  -4.082
 -13.157
  12.740
  10.354
  -6.494
   9.656
  16.908
  10.856
 -21.374
  17.050
  -5.650
  -2.246
  24.808
   7.230
 -25.546
 -12.817
  -5.090
   2.013
   8.430
 -12.475
   5.361
   7.640
   0.885
  -0.400
  17.204
   9.199
  -5.543
   4.815
  -4.739
   3.421
   3.931
   4.851
  -3.859
   6.610
   1.077
 -21.555
 -11.363
  15.913
   3.453
   4.885
   6.319
  -4.674
   1.198
   8.078
  -2.228
 -13.776
   6.570
   0.163
  15.350
  17.679
   0.426
  21.790
  -6.485
   4.145
   5.722
 -22.477
  -2.919
   5.855
  13.552
   8.757
   6.155
   5.314
  -5.453
  11.784
   1.786
   6.181
 -10.803
  -2.447
   0.679
   7.928
   8.945
  15.197
  11.702
  13.392
  -5.548
   2.869
  -0.925
   3.879
 -11.415
  20.102
  -1.674
   3.787
  -3.335
  14.263
 -13.616
  -1.624
   8.687
   0.151
 -15.187
  -2.267
   2.494
   8.402
  -7.264
  -3.573
  15.456
  26.113
  -7.849
   0.129
   2.304
  -2.571
   3.923
 -13.690
 -16.015
  -1.973
   2.478
   4.836
   1.213
   6.377
  -4.674
   2.157
  -0.155
 -14.264
   1.922
   4.321
  -3.829
   1.826
  -1.897
  -0.656
  -5.480
  18.013
  12.009
 -18.337
  -3.128
   2.381
   4.433
  -2.756
   0.446
  16.589
   2.794
 -25.941
   4.716
   3.269
   7.692
  12.568
   2.544
  -2.606
  -8.546
  30.462
  21.241
  -7.291
   2.482
   6.923
  16.543
   4.108
  25.994
 -10.348
 -23.192
  26.328
  16.406
  10.585
  33.702
 -22.167
  -0.866
  -8.761
  -1.309
 -16.739
   0.505
   3.137
   0.126
 -13.259
 -21.214
   7.948
  -7.596
 -19.355
   8.669
 -10.929
  -2.819
  20.946
   4.920
  -8.323
 -15.805
 -10.369
  -5.471
 -10.042
