6.31260e-01
7.70320e-01
1.38851e+00
1.73239e+00
1.83519e+00
1.99262e+00
2.23819e+00
2.27338e+00
2.38871e+00
2.59038e+00
2.62822e+00
2.75491e+00
2.82782e+00
2.96113e+00
3.07049e+00
3.17795e+00
3.33097e+00
3.36655e+00
3.45598e+00
3.61238e+00
3.74360e+00
3.79275e+00
3.83658e+00
3.88503e+00
4.01105e+00
4.08054e+00
4.17781e+00
4.26253e+00
4.35438e+00
4.38814e+00
4.48340e+00
4.64151e+00
4.68821e+00
4.81505e+00
4.89468e+00
4.99471e+00
5.10019e+00
5.16728e+00
5.31702e+00
5.41507e+00
5.47520e+00
5.57602e+00
5.63505e+00
5.70829e+00
5.78709e+00
5.89556e+00
5.98314e+00
6.05104e+00
6.23492e+00
6.27878e+00
6.33463e+00
6.40269e+00
6.46570e+00
6.48153e+00
6.54637e+00
6.64162e+00
6.74415e+00
7.00868e+00
7.08421e+00
7.09788e+00
7.20178e+00
7.26683e+00
7.33608e+00
7.39237e+00
7.44794e+00
7.47764e+00
7.50442e+00
7.53311e+00
7.64760e+00
7.66861e+00
7.74164e+00
7.78969e+00
7.88983e+00
7.91279e+00
8.05079e+00
8.08111e+00
8.12100e+00
8.19061e+00
8.24258e+00
8.31811e+00
8.39146e+00
8.43668e+00
8.46035e+00
8.52477e+00
8.56636e+00
8.64207e+00
8.77540e+00
8.80751e+00
8.85532e+00
8.91438e+00
8.96689e+00
8.98553e+00
9.00936e+00
9.07459e+00
9.16673e+00
9.17519e+00
9.20030e+00
9.24692e+00
9.30481e+00
9.33125e+00
9.37254e+00
9.41073e+00
9.48436e+00
9.51570e+00
9.57375e+00
9.63695e+00
9.66467e+00
9.68088e+00
9.73147e+00
9.79950e+00
9.83382e+00
9.85473e+00
9.87342e+00
9.94011e+00
9.97321e+00
9.98959e+00
1.00619e+01
1.01178e+01
1.01250e+01
1.01629e+01
1.02260e+01
1.02330e+01
1.02789e+01
1.03297e+01
1.03650e+01
1.04156e+01
1.04739e+01
1.05228e+01
1.05430e+01
1.05869e+01
1.06102e+01
1.06758e+01
1.07337e+01
1.07556e+01
1.07785e+01
1.07823e+01
1.08502e+01
1.08829e+01
1.09451e+01
1.09705e+01
1.10258e+01
1.10307e+01
1.10764e+01
1.10836e+01
1.11622e+01
1.11927e+01
1.12383e+01
1.12584e+01
1.13171e+01
1.13773e+01
1.14010e+01
1.14256e+01
1.14969e+01
1.15108e+01
1.15592e+01
1.16034e+01
1.16286e+01
1.16626e+01
1.16924e+01
1.17695e+01
1.18205e+01
1.18537e+01
1.18744e+01
1.18881e+01
1.18994e+01
1.19498e+01
1.20178e+01
1.20347e+01
1.20481e+01
1.20846e+01
1.21293e+01
1.21989e+01
1.22035e+01
1.22424e+01
1.22661e+01
1.22907e+01
1.23135e+01
1.23311e+01
1.23795e+01
1.24209e+01
1.24536e+01
1.25024e+01
1.25168e+01
1.25428e+01
1.25780e+01
1.26284e+01
1.26566e+01
1.26977e+01
1.27255e+01
1.27405e+01
1.27544e+01
1.27663e+01
1.28178e+01
1.28568e+01
1.29058e+01
1.29346e+01
1.29701e+01
1.29833e+01
1.30058e+01
1.30520e+01
1.30684e+01
1.30952e+01
1.31228e+01
1.31423e+01
1.31698e+01
1.31959e+01
1.32493e+01
1.32747e+01
1.32905e+01
1.33107e+01
1.33256e+01
1.33464e+01
1.33789e+01
1.34060e+01
1.34268e+01
1.34461e+01
1.34825e+01
1.35038e+01
1.35282e+01
1.35317e+01
1.35520e+01
1.36081e+01
1.36290e+01
1.36473e+01
1.36593e+01
1.37061e+01
1.37199e+01
1.37646e+01
1.38015e+01
1.38229e+01
1.38561e+01
1.38616e+01
1.39000e+01
1.39159e+01
1.39519e+01
1.40093e+01
1.40419e+01
1.40600e+01
1.40838e+01
1.40933e+01
1.41132e+01
1.41378e+01
1.41612e+01
1.41869e+01
1.42366e+01
1.42741e+01
1.42966e+01
1.43229e+01
1.43282e+01
1.43552e+01
1.43701e+01
1.44249e+01
1.44287e+01
1.44892e+01
1.45092e+01
1.45282e+01
1.45406e+01
1.45920e+01
1.46062e+01
1.46429e+01
1.46552e+01
1.46908e+01
1.46953e+01
1.47336e+01
1.47486e+01
1.47813e+01
1.48156e+01
1.48567e+01
1.48790e+01
1.49100e+01
1.49293e+01
1.49420e+01
1.49773e+01
1.49972e+01
1.50493e+01
1.50642e+01
1.50995e+01
1.51237e+01
1.51622e+01
1.51716e+01
1.51956e+01
1.52269e+01
1.52582e+01
1.52841e+01
1.53361e+01
1.53507e+01
1.53812e+01
1.53943e+01
1.54346e+01
1.54463e+01
1.54819e+01
1.55257e+01
1.55718e+01
1.55920e+01
1.56094e+01
1.56653e+01
1.56920e+01
1.57290e+01
1.57592e+01
1.57978e+01
1.58199e+01
1.58536e+01
1.58551e+01
1.58946e+01
1.59089e+01
1.59419e+01
1.59712e+01
1.60058e+01
1.60256e+01
1.60336e+01
1.60409e+01
1.60785e+01
1.60916e+01
1.61451e+01
1.61637e+01
1.61694e+01
1.61903e+01
1.62511e+01
1.62866e+01
1.63033e+01
1.63287e+01
1.63791e+01
1.63892e+01
1.64128e+01
1.64364e+01
1.64881e+01
1.65219e+01
1.65333e+01
1.65804e+01
1.65959e+01
1.66030e+01
1.66271e+01
1.66318e+01
1.66615e+01
1.66774e+01
1.67218e+01
1.67616e+01
1.68228e+01
1.68352e+01
1.68647e+01
1.68785e+01
1.69107e+01
1.69505e+01
1.69625e+01
1.70220e+01
1.70344e+01
1.70509e+01
1.70819e+01
1.71160e+01
1.71590e+01
1.71851e+01
1.71930e+01
1.72646e+01
1.72926e+01
1.73143e+01
1.73262e+01
1.73274e+01
1.73627e+01
1.74395e+01
1.74715e+01
1.74798e+01
1.74947e+01
1.75470e+01
1.75625e+01
1.75933e+01
1.76445e+01
1.76581e+01
1.77275e+01
1.77625e+01
1.77868e+01
1.78151e+01
1.78354e+01
1.78696e+01
1.78951e+01
1.79461e+01
1.79650e+01
1.79847e+01
1.80186e+01
1.80426e+01
1.80911e+01
1.81134e+01
1.81387e+01
1.81623e+01
1.81856e+01
1.82711e+01
1.82868e+01
1.83194e+01
1.83558e+01
1.83736e+01
1.83937e+01
1.84623e+01
1.84983e+01
1.85514e+01
1.85760e+01
1.86302e+01
1.87165e+01
1.87332e+01
1.87551e+01
1.87876e+01
1.88110e+01
1.88753e+01
1.89110e+01
1.89362e+01
1.89903e+01
1.89949e+01
1.90401e+01
1.90696e+01
1.91318e+01
1.91556e+01
1.91932e+01
1.92056e+01
1.92574e+01
1.92698e+01
1.93228e+01
1.93592e+01
1.93828e+01
1.94112e+01
1.94219e+01
1.94501e+01
1.94899e+01
1.95611e+01
1.95736e+01
1.96357e+01
1.96419e+01
1.96695e+01
1.97106e+01
1.97151e+01
1.97490e+01
1.97860e+01
1.98338e+01
1.98590e+01
1.98983e+01
1.99217e+01
1.99710e+01
1.99863e+01
2.00238e+01
2.01202e+01
2.01543e+01
2.02536e+01
2.02594e+01
2.02946e+01
2.03151e+01
2.03299e+01
2.03724e+01
2.04505e+01
2.04954e+01
2.05309e+01
2.05776e+01
2.05987e+01
2.06480e+01
2.06846e+01
2.07249e+01
2.07710e+01
2.08133e+01
2.09033e+01
2.09863e+01
2.10146e+01
2.10364e+01
2.11071e+01
2.11559e+01
2.12161e+01
2.12392e+01
2.12805e+01
2.13734e+01
2.14336e+01
2.14642e+01
2.15670e+01
2.16166e+01
2.16337e+01
2.17019e+01
2.17982e+01
2.18642e+01
2.19107e+01
2.19320e+01
2.20100e+01
2.20521e+01
2.20979e+01
2.21595e+01
2.23850e+01
2.24153e+01
2.25102e+01
2.25509e+01
2.25793e+01
2.26706e+01
2.27087e+01
2.27755e+01
2.28102e+01
2.29016e+01
2.30242e+01
2.30926e+01
2.32101e+01
2.32552e+01
2.33412e+01
2.34966e+01
2.35270e+01
2.36587e+01
2.37266e+01
2.38470e+01
2.38788e+01
2.40171e+01
2.40999e+01
2.42328e+01
2.42631e+01
2.42867e+01
2.44001e+01
2.44583e+01
2.46042e+01
2.46897e+01
2.47095e+01
2.47514e+01
2.49219e+01
2.49845e+01
2.50805e+01
2.52076e+01
2.52502e+01
2.53564e+01
2.54035e+01
2.55452e+01
2.55787e+01
2.56877e+01
2.58110e+01
2.58364e+01
2.59242e+01
2.60093e+01
2.60423e+01
2.61632e+01
2.61723e+01
2.63742e+01
2.64051e+01
2.64795e+01
2.66079e+01
2.66672e+01
2.67441e+01
2.67842e+01
2.69832e+01
2.71017e+01
2.71341e+01
2.74246e+01
2.75253e+01
2.75873e+01
2.77358e+01
2.78420e+01
2.79996e+01
2.82583e+01
2.82770e+01
2.83428e+01
2.85926e+01
2.87763e+01
2.88515e+01
2.89585e+01
2.91750e+01
2.93288e+01
2.94626e+01
2.95655e+01
2.97404e+01
2.99314e+01
3.02054e+01
3.04280e+01
3.06450e+01
3.06961e+01
3.08255e+01
3.10565e+01
3.15423e+01
3.16117e+01
3.17845e+01
3.18911e+01
3.23357e+01
3.29255e+01
3.34237e+01
3.39783e+01
3.56037e+01
3.58880e+01
3.62775e+01
3.71952e+01
3.88805e+01
4.15435e+01
