8.27876e-01
9.67250e-01
1.82548e+00
2.59441e+00
2.95526e+00
3.16070e+00
3.19072e+00
3.63257e+00
3.71890e+00
3.77066e+00
3.99149e+00
4.11698e+00
4.25027e+00
4.37686e+00
4.43919e+00
4.55511e+00
4.68523e+00
4.82568e+00
4.95045e+00
5.08387e+00
5.12210e+00
5.34720e+00
5.39285e+00
5.50958e+00
5.62972e+00
5.71691e+00
5.82307e+00
5.84479e+00
5.96604e+00
6.09551e+00
6.19182e+00
6.26484e+00
6.32387e+00
6.40235e+00
6.53743e+00
6.61003e+00
6.69646e+00
6.76976e+00
6.91127e+00
6.93002e+00
6.93887e+00
7.09520e+00
7.11696e+00
7.20374e+00
7.25132e+00
7.39283e+00
7.46839e+00
7.54339e+00
7.63853e+00
7.64697e+00
7.79108e+00
7.87265e+00
7.89393e+00
7.93043e+00
7.98790e+00
8.03329e+00
8.08943e+00
8.27611e+00
8.30481e+00
8.31526e+00
8.42207e+00
8.52023e+00
8.56636e+00
8.65872e+00
8.71813e+00
8.79588e+00
8.90927e+00
9.01150e+00
9.08374e+00
9.16320e+00
9.25133e+00
9.30558e+00
9.37902e+00
9.43593e+00
9.45038e+00
9.48350e+00
9.60417e+00
9.64694e+00
9.68592e+00
9.71647e+00
9.75440e+00
9.82403e+00
9.85729e+00
9.96107e+00
9.96805e+00
1.00238e+01
1.00296e+01
1.01382e+01
1.01496e+01
1.02068e+01
1.02387e+01
1.03260e+01
1.03677e+01
1.04231e+01
1.04678e+01
1.04963e+01
1.05495e+01
1.06078e+01
1.06712e+01
1.07144e+01
1.07516e+01
1.08026e+01
1.08582e+01
1.08981e+01
1.09763e+01
1.10023e+01
1.10945e+01
1.11335e+01
1.11899e+01
1.12216e+01
1.12777e+01
1.12917e+01
1.13136e+01
1.13524e+01
1.13962e+01
1.15189e+01
1.15997e+01
1.16144e+01
1.16822e+01
1.17104e+01
1.18105e+01
1.18274e+01
1.18759e+01
1.19178e+01
1.19518e+01
1.19742e+01
1.20464e+01
1.20625e+01
1.20934e+01
1.21888e+01
1.22727e+01
1.22939e+01
1.23516e+01
1.23957e+01
1.24466e+01
1.24568e+01
1.25029e+01
1.25721e+01
1.26291e+01
1.26723e+01
1.26992e+01
1.27539e+01
1.27948e+01
1.28023e+01
1.28918e+01
1.29581e+01
1.29729e+01
1.30370e+01
1.30592e+01
1.30777e+01
1.30963e+01
1.31543e+01
1.32000e+01
1.32666e+01
1.33168e+01
1.33219e+01
1.33952e+01
1.34156e+01
1.34846e+01
1.35425e+01
1.35909e+01
1.36043e+01
1.36474e+01
1.36861e+01
1.36937e+01
1.37189e+01
1.37766e+01
1.38287e+01
1.38404e+01
1.38923e+01
1.39269e+01
1.39707e+01
1.39878e+01
1.40291e+01
1.40584e+01
1.40806e+01
1.41655e+01
1.41833e+01
1.42045e+01
1.42234e+01
1.42946e+01
1.43429e+01
1.43434e+01
1.43731e+01
1.44167e+01
1.44398e+01
1.44476e+01
1.44775e+01
1.45419e+01
1.45624e+01
1.45769e+01
1.46112e+01
1.46383e+01
1.46460e+01
1.46726e+01
1.47387e+01
1.47786e+01
1.47991e+01
1.48302e+01
1.48465e+01
1.49330e+01
1.49523e+01
1.49691e+01
1.49981e+01
1.50127e+01
1.50676e+01
1.50970e+01
1.51210e+01
1.51858e+01
1.51905e+01
1.52226e+01
1.52584e+01
1.52851e+01
1.53088e+01
1.53316e+01
1.53464e+01
1.53833e+01
1.53917e+01
1.54276e+01
1.54578e+01
1.54898e+01
1.55144e+01
1.55469e+01
1.55653e+01
1.56167e+01
1.56446e+01
1.56497e+01
1.56800e+01
1.56972e+01
1.57328e+01
1.57620e+01
1.57726e+01
1.57955e+01
1.58178e+01
1.58429e+01
1.58864e+01
1.59211e+01
1.59397e+01
1.59931e+01
1.60092e+01
1.60269e+01
1.60496e+01
1.60698e+01
1.60784e+01
1.61122e+01
1.61399e+01
1.61607e+01
1.61704e+01
1.62057e+01
1.62220e+01
1.62652e+01
1.62757e+01
1.63129e+01
1.63592e+01
1.63817e+01
1.63914e+01
1.64130e+01
1.64627e+01
1.64865e+01
1.65179e+01
1.65567e+01
1.65865e+01
1.66311e+01
1.66491e+01
1.66558e+01
1.66802e+01
1.67615e+01
1.67761e+01
1.67992e+01
1.68175e+01
1.68378e+01
1.68679e+01
1.68967e+01
1.69194e+01
1.69396e+01
1.69687e+01
1.69974e+01
1.70029e+01
1.70394e+01
1.70756e+01
1.71001e+01
1.71321e+01
1.71640e+01
1.71691e+01
1.72004e+01
1.72061e+01
1.72534e+01
1.72608e+01
1.73289e+01
1.73390e+01
1.73716e+01
1.74028e+01
1.74384e+01
1.74759e+01
1.74892e+01
1.75122e+01
1.75330e+01
1.75966e+01
1.76130e+01
1.76314e+01
1.76704e+01
1.76847e+01
1.77135e+01
1.77549e+01
1.77835e+01
1.78047e+01
1.78207e+01
1.78597e+01
1.79150e+01
1.79635e+01
1.79701e+01
1.80603e+01
1.80736e+01
1.81122e+01
1.81234e+01
1.81769e+01
1.82781e+01
1.83092e+01
1.83361e+01
1.84055e+01
1.84180e+01
1.84559e+01
1.84917e+01
1.85187e+01
1.85261e+01
1.86021e+01
1.86778e+01
1.86874e+01
1.87045e+01
1.88001e+01
1.88593e+01
1.88811e+01
1.89246e+01
1.89394e+01
1.89741e+01
1.90128e+01
1.90577e+01
1.90981e+01
1.91487e+01
1.91978e+01
1.92123e+01
1.92535e+01
1.92858e+01
1.93033e+01
1.93670e+01
1.94336e+01
1.94823e+01
1.95316e+01
1.95762e+01
1.96082e+01
1.96543e+01
1.96803e+01
1.97528e+01
1.97920e+01
1.98015e+01
1.98441e+01
1.99462e+01
1.99732e+01
2.00413e+01
2.00489e+01
2.00969e+01
2.01120e+01
2.01847e+01
2.02510e+01
2.02848e+01
2.03135e+01
2.03416e+01
2.03715e+01
2.04506e+01
2.04814e+01
2.05077e+01
2.05499e+01
2.05869e+01
2.06546e+01
2.06682e+01
2.07078e+01
2.07412e+01
2.07972e+01
2.08415e+01
2.09310e+01
2.09429e+01
2.09915e+01
2.10119e+01
2.10860e+01
2.11443e+01
2.11509e+01
2.12015e+01
2.12252e+01
2.13124e+01
2.13596e+01
2.13776e+01
2.14606e+01
2.14932e+01
2.15586e+01
2.15943e+01
2.16386e+01
2.16550e+01
2.16984e+01
2.17699e+01
2.17946e+01
2.18360e+01
2.19069e+01
2.19190e+01
2.20013e+01
2.20497e+01
2.21278e+01
2.21720e+01
2.22047e+01
2.22871e+01
2.23943e+01
2.24687e+01
2.25233e+01
2.25601e+01
2.26899e+01
2.27022e+01
2.28002e+01
2.28491e+01
2.29864e+01
2.30716e+01
2.31773e+01
2.33068e+01
2.33960e+01
2.34316e+01
2.35800e+01
2.36600e+01
2.37599e+01
2.38249e+01
2.39077e+01
2.40508e+01
2.41196e+01
2.42323e+01
2.42905e+01
2.43476e+01
2.44194e+01
2.45768e+01
2.46547e+01
2.48086e+01
2.48659e+01
2.50562e+01
2.51174e+01
2.51570e+01
2.53324e+01
2.53538e+01
2.54484e+01
2.55639e+01
2.56522e+01
2.56995e+01
2.59079e+01
2.61383e+01
2.62450e+01
2.63484e+01
2.64613e+01
2.65400e+01
2.65947e+01
2.67550e+01
2.68506e+01
2.70768e+01
2.71229e+01
2.72519e+01
2.73532e+01
2.74992e+01
2.75975e+01
2.78161e+01
2.79618e+01
2.80296e+01
2.82102e+01
2.82831e+01
2.83676e+01
2.84381e+01
2.85606e+01
2.86769e+01
2.87232e+01
2.88151e+01
2.90332e+01
2.92946e+01
2.94684e+01
2.95031e+01
2.96952e+01
2.98441e+01
2.98981e+01
3.00127e+01
3.01637e+01
3.03442e+01
3.04899e+01
3.05662e+01
3.10102e+01
3.11831e+01
3.14439e+01
3.16602e+01
3.19143e+01
3.19851e+01
3.21968e+01
3.24976e+01
3.28844e+01
3.33753e+01
3.35623e+01
3.44577e+01
3.55814e+01
3.60062e+01
3.63637e+01
3.69558e+01
3.76580e+01
3.92334e+01
4.22963e+01
