      1     -2.33596E-07
      2     -6.71545E-08
      3     -1.92426E-08
      4     1.55812E-07
      5     2.45643E-07
      6     5.06339E-07
      7     8.27876E-01
      8     9.67250E-01
      9     1.82548E+00
     10     2.59441E+00
     11     2.95526E+00
     12     3.16070E+00
     13     3.19072E+00
     14     3.63257E+00
     15     3.71890E+00
     16     3.77066E+00
     17     3.99148E+00
     18     4.11698E+00
     19     4.25027E+00
     20     4.37687E+00
     21     4.43919E+00
     22     4.55511E+00
     23     4.68523E+00
     24     4.82568E+00
     25     4.95045E+00
     26     5.08387E+00
     27     5.12210E+00
     28     5.34720E+00
     29     5.39285E+00
     30     5.50958E+00
     31     5.62972E+00
     32     5.71691E+00
     33     5.82307E+00
     34     5.84479E+00
     35     5.96604E+00
     36     6.09551E+00
