      1     -2.54439E-07
      2     -1.73985E-07
      3     -1.30294E-07
      4     2.17254E-09
      5     6.08076E-08
      6     2.89104E-07
      7     6.31260E-01
      8     7.70320E-01
      9     1.38851E+00
     10     1.73239E+00
     11     1.83519E+00
     12     1.99262E+00
     13     2.23819E+00
     14     2.27338E+00
     15     2.38871E+00
     16     2.59038E+00
     17     2.62822E+00
     18     2.75491E+00
     19     2.82782E+00
     20     2.96113E+00
     21     3.07049E+00
     22     3.17795E+00
     23     3.33097E+00
     24     3.36655E+00
     25     3.45598E+00
     26     3.61238E+00
     27     3.74360E+00
     28     3.79275E+00
     29     3.83658E+00
     30     3.88503E+00
     31     4.01105E+00
     32     4.08054E+00
     33     4.17781E+00
     34     4.26253E+00
     35     4.35438E+00
     36     4.38814E+00
